SEND addr=3901, len=100
hex=01,03,0f,3c,00,64,87,39
dec=1,3,15,60,0,100,135,57

RECV
01//BO
03//BO
C8//BO
00//3901-H1
00//3901-L1
00//3902-H2
00//3902-H1
77
7E
23
B8
77
7E
23
B8
92
EF
21
93
5C
68
22
5D
C8
2C
43
5D
59
9D
24
8A
21
C9
42
48
00
00
00
00
77
7E
23
B8
77
7E
23
B8
92
EF
21
93
92
F0
21
93
C8
2C
43
5D
77
7D
23
B8
00
00
00
00
77
7E
23
B8
77
7E
23
B8
92
EF
21
93
92
F0
21
93
92
F0
21
93
77
7D
23
B8
00
00
00
00
77
7E
23
B8
77
7E
23
B8
92
EF
21
93
92
F0
21
93
92
F0
21
93
77
7D
23
B8
00
00
00
00
61
9D
29
81
61
9D
29
81
00
00
00
00
00
00
00
00
00
00
00
00
00
00
00
00
00
00
00
00
00
00
00
00
00
00
00
00
00
00
00
00
00
00
00
00
00
00
00
00
00
00
00
00
00
00
00
00
00
00
00
00
00
00
00
00
00
0B
0D
F4
00
00
00
00
00
00
00
00
00
00
00//4000-H
36//4000-L
41//Checksum
73//Checksum

